3378,4476	3155,3445
269,3262	331,2121
3378,4476	4188,3980
4437,2878	3317,2484
4437,2878	3904,2933
4437,2878	4779,1789
4437,2878	4134,1140
4437,2878	2308,1144
269,3262	776,2052
3378,4476	4362,4930
269,3262	1203,2540
269,3262	809,604
3378,4476	2704,3867
4437,2878	4585,824
3378,4476	2898,3556
4437,2878	2590,1675
4437,2878	4526,3907
3378,4476	3626,4270
4437,2878	2133,510
4437,2878	4494,115
269,3262	764,3267
269,3262	9,4043
4437,2878	2729,1998
4437,2878	2664,515
3378,4476	1565,4649
269,3262	1816,1954
269,3262	1167,4448
4437,2878	3669,747
269,3262	659,2621
3378,4476	4161,4008
269,3262	893,2469
4437,2878	4515,2384
269,3262	1022,4484
3378,4476	2725,4426
3378,4476	1664,4941
3378,4476	4482,4813
3378,4476	2356,3645
269,3262	750,4884
4437,2878	3153,2597
4437,2878	4715,1983
4437,2878	2378,1506
269,3262	1551,1529
269,3262	270,2130
4437,2878	3903,565
269,3262	735,1066
269,3262	1225,316
269,3262	657,4428
3378,4476	3205,4297
3378,4476	2257,4274
269,3262	1929,1762
4437,2878	4831,3435
4437,2878	4748,2254
3378,4476	3691,4035
4437,2878	2927,674
4437,2878	2656,944
3378,4476	3984,4809
4437,2878	2746,1559
269,3262	1990,132
4437,2878	2220,959
269,3262	1806,3047
269,3262	1396,2724
4437,2878	3490,509
269,3262	824,1198
269,3262	1792,370
3378,4476	4701,4376
4437,2878	4932,606
269,3262	218,1019
3378,4476	1544,4967
4437,2878	4718,980
4437,2878	3204,749
4437,2878	3032,950
269,3262	298,4960
269,3262	177,1594
269,3262	1515,1014
4437,2878	3925,1725
269,3262	500,186
4437,2878	4458,3486
269,3262	831,2129
269,3262	573,1809
269,3262	589,2466
3378,4476	2869,3572
269,3262	1477,500
3378,4476	4125,3826
269,3262	322,4886
269,3262	826,3205
269,3262	1633,2131
3378,4476	2937,3852
4437,2878	4667,1387
269,3262	1666,475
269,3262	1296,1326
3378,4476	2804,4337
269,3262	2053,960
4437,2878	4888,3623
269,3262	1432,108
4437,2878	3863,3357
4437,2878	4662,4166
3378,4476	2551,2925
4437,2878	3183,2055
269,3262	1256,4592
269,3262	101,3751
269,3262	647,2751
269,3262	374,4459
4437,2878	2300,1104
3378,4476	1967,3947
3378,4476	2885,4998
3378,4476	2358,2942
4437,2878	4835,1084
3378,4476	2541,3178
4437,2878	3394,661
269,3262	12,4870
269,3262	1575,2739
269,3262	1311,1961
269,3262	1827,3671
3378,4476	3101,4654
4437,2878	3394,258
3378,4476	3295,4648
4437,2878	3426,383
269,3262	1357,3648
269,3262	523,2123
269,3262	1291,3656
3378,4476	4321,3991
3378,4476	4599,4947
269,3262	0,318
4437,2878	4051,2670
3378,4476	2556,3824
269,3262	408,3400
269,3262	1540,4493
269,3262	683,1069
269,3262	120,3291
4437,2878	3420,2590
269,3262	27,1749
269,3262	117,19
4437,2878	4328,801
269,3262	1560,974
4437,2878	4983,1626
4437,2878	2477,2293
269,3262	1492,820
4437,2878	3896,3249
269,3262	666,178
3378,4476	2250,3710
269,3262	948,2101
269,3262	1092,4266
4437,2878	2843,942
269,3262	1265,2280
269,3262	152,346
269,3262	333,1685
3378,4476	2127,4574
3378,4476	2578,3005
4437,2878	4648,344
4437,2878	4977,4050
4437,2878	3757,3567
3378,4476	3051,4406
269,3262	1460,1702
3378,4476	3076,4809
4437,2878	2384,72
269,3262	1134,1237
269,3262	2223,2731
3378,4476	2764,3008
269,3262	767,2770
269,3262	292,337
4437,2878	2208,1342
269,3262	1224,4779
3378,4476	2371,2956
3378,4476	3234,4493
269,3262	1062,2403
269,3262	941,3916
269,3262	1963,395
4437,2878	2522,1471
4437,2878	4284,580
3378,4476	2479,3302
4437,2878	2691,2451
4437,2878	3397,890
269,3262	814,4594
3378,4476	3941,3883
4437,2878	2761,2815
269,3262	1018,3924
269,3262	950,4077
4437,2878	3494,309
3378,4476	2473,2744
269,3262	1275,1364
4437,2878	4624,3076
269,3262	712,539
269,3262	693,1622
269,3262	1810,500
4437,2878	3152,64
269,3262	803,3226
3378,4476	4558,4251
3378,4476	2374,3674
3378,4476	4002,4791
269,3262	1779,3465
269,3262	685,3017
269,3262	1803,2137
4437,2878	4794,1364
4437,2878	3532,1572
4437,2878	2936,942
269,3262	523,226
4437,2878	4307,3699
269,3262	1652,974
4437,2878	4072,3260
269,3262	2101,1697
269,3262	344,1768
269,3262	1198,857
269,3262	1621,3755
4437,2878	3096,2962
4437,2878	4476,1239
269,3262	858,4884
4437,2878	3996,1215
4437,2878	4619,3325
3378,4476	3467,4269
4437,2878	4058,2641
3378,4476	4083,4084
3378,4476	1654,4446
4437,2878	4995,1792
269,3262	79,2787
4437,2878	2607,2636
269,3262	290,4301
269,3262	1215,2104
4437,2878	4936,1277
3378,4476	3104,4775
3378,4476	2411,3853
269,3262	543,693
4437,2878	4231,322
269,3262	543,1843
269,3262	1069,332
4437,2878	2461,125
4437,2878	3674,2708
269,3262	1316,1219
4437,2878	3774,3041
4437,2878	4136,3131
3378,4476	4340,4115
269,3262	275,4701
269,3262	742,4243
4437,2878	4916,625
4437,2878	3492,1688
3378,4476	2372,4386
4437,2878	4903,3422
4437,2878	3950,3183
3378,4476	4976,4803
269,3262	1913,167
269,3262	1,1490
3378,4476	2477,4152
4437,2878	4671,2084
4437,2878	2725,537
4437,2878	4042,2146
3378,4476	2480,3342
4437,2878	3147,3143
269,3262	510,1341
269,3262	1043,1957
3378,4476	2351,2736
269,3262	454,294
4437,2878	3943,3423
269,3262	1154,4029
4437,2878	4931,668
269,3262	1240,2889
4437,2878	3368,288
4437,2878	3819,3167
4437,2878	3759,385
269,3262	831,3857
269,3262	1240,165
269,3262	265,4901
269,3262	1087,2653
269,3262	862,4498
4437,2878	2839,1597
3378,4476	3140,4016
269,3262	909,492
4437,2878	4998,3827
4437,2878	2767,1018
4437,2878	2427,1041
4437,2878	3175,2406
269,3262	995,4251
269,3262	1549,312
3378,4476	3211,3641
4437,2878	3043,1560
4437,2878	3731,2920
269,3262	617,365
269,3262	327,3982
4437,2878	2092,218
3378,4476	4260,4663
4437,2878	4684,1769
269,3262	1881,765
3378,4476	4115,4290
3378,4476	3441,4154
4437,2878	2501,929
269,3262	1193,3489
4437,2878	4636,3457
269,3262	688,858
4437,2878	3404,515
269,3262	812,3401
269,3262	1279,251
3378,4476	3659,3531
4437,2878	3416,246
4437,2878	4068,2658
269,3262	2069,643
4437,2878	2887,576
269,3262	994,2943
269,3262	240,2829
4437,2878	2849,1457
269,3262	81,1888
4437,2878	2996,577
4437,2878	4887,1173
269,3262	1703,26
269,3262	1677,1009
269,3262	58,2402
4437,2878	3023,201
4437,2878	4954,1907
269,3262	1162,1531
4437,2878	3719,920
4437,2878	3905,2821
269,3262	2115,1066
269,3262	228,1704
4437,2878	2967,2744
4437,2878	3877,2397
3378,4476	2427,4531
4437,2878	2678,1507
4437,2878	4858,661
269,3262	840,4368
4437,2878	4758,2521
269,3262	1281,3085
269,3262	1203,1025
269,3262	1825,2587
4437,2878	4164,1989
269,3262	1938,1506
3378,4476	2384,3051
4437,2878	3438,378
269,3262	1083,4925
269,3262	168,3226
269,3262	638,599
269,3262	1081,3442
3378,4476	2452,4511
4437,2878	3414,1165
4437,2878	4842,3458
3378,4476	2441,2904
269,3262	692,2032
4437,2878	3643,3024
4437,2878	4335,473
3378,4476	3083,3347
269,3262	69,3417
3378,4476	2626,3615
269,3262	1671,3044
3378,4476	2402,3857
269,3262	745,1519
269,3262	889,2268
269,3262	918,4572
4437,2878	4960,1260
4437,2878	3654,3266
269,3262	1518,3454
4437,2878	3536,1431
3378,4476	2031,3714
3378,4476	2788,4287
269,3262	1167,2911
4437,2878	3788,708
4437,2878	3959,1668
4437,2878	2414,15
3378,4476	3678,3784
269,3262	63,1791
4437,2878	2445,937
3378,4476	2467,4466
4437,2878	4990,1279
3378,4476	3475,3861
269,3262	758,4076
3378,4476	1903,4454
4437,2878	3320,2294
269,3262	177,989
4437,2878	2212,332
269,3262	2,2101
3378,4476	3263,4309
4437,2878	4764,3245
4437,2878	3642,835
269,3262	2069,2898
4437,2878	2321,1605
4437,2878	4877,698
269,3262	290,577
269,3262	2150,2503
4437,2878	4371,2784
269,3262	968,4343
269,3262	2040,1339
269,3262	557,3398
4437,2878	2373,2316
4437,2878	4258,1101
3378,4476	4702,4284
3378,4476	1722,4353
269,3262	862,3365
4437,2878	4452,3304
269,3262	2282,2394
4437,2878	3623,3045
4437,2878	4654,1128
269,3262	1286,1010
269,3262	987,3124
3378,4476	3286,4841
4437,2878	3833,1143
4437,2878	4584,2449
3378,4476	2900,3872
4437,2878	3400,1785
3378,4476	3905,4004
4437,2878	4108,2607
4437,2878	4036,493
4437,2878	3637,2459
269,3262	1169,4059
269,3262	429,1767
269,3262	209,2911
4437,2878	3862,3202
269,3262	82,4315
269,3262	544,666
4437,2878	3236,52
4437,2878	2959,337
269,3262	951,30
269,3262	2214,2396
269,3262	1857,1152
4437,2878	4692,2358
269,3262	1566,863
3378,4476	3555,3775
3378,4476	2704,3146
269,3262	1378,2709
3378,4476	3454,3565
269,3262	1212,3664
269,3262	1208,4293
4437,2878	2589,1058
269,3262	1711,1530
4437,2878	3638,2860
3378,4476	3185,3500
4437,2878	4030,3191
269,3262	1803,1607
4437,2878	3598,1673
4437,2878	4804,407
4437,2878	3181,272
269,3262	1917,693
269,3262	1529,2978
269,3262	466,1420
269,3262	1909,2437
269,3262	709,4195
3378,4476	2330,2892
3378,4476	3370,3754
269,3262	441,4228
4437,2878	4482,3527
4437,2878	4759,3724
4437,2878	4015,2086
4437,2878	3896,1764
4437,2878	2762,2178
269,3262	345,358
269,3262	430,1334
4437,2878	2865,31
4437,2878	2374,58
269,3262	1150,521
4437,2878	3504,1819
4437,2878	4985,3248
4437,2878	4569,1810
4437,2878	3716,1579
3378,4476	2781,4983
269,3262	838,4967
269,3262	701,2613
3378,4476	2645,4390
4437,2878	3733,2663
4437,2878	2093,236
4437,2878	4276,363
269,3262	1557,3020
269,3262	656,1716
4437,2878	4296,2832
269,3262	1538,1651
269,3262	2058,2468
3378,4476	2557,4234
4437,2878	3151,2086
4437,2878	3949,2817
269,3262	1965,364
3378,4476	2505,4521
269,3262	592,75
3378,4476	3775,4057
4437,2878	3589,388
3378,4476	3376,4043
3378,4476	3772,3605
269,3262	967,701
269,3262	667,1975
269,3262	808,1259
4437,2878	3391,1748
4437,2878	3609,631
3378,4476	3497,4579
4437,2878	3231,322
269,3262	1477,2045
4437,2878	4014,1802
269,3262	1049,2285
4437,2878	2884,2618
4437,2878	3562,878
4437,2878	4563,2338
3378,4476	4997,4432
269,3262	1648,2430
3378,4476	3619,4210
4437,2878	4953,3785
4437,2878	4392,2138
269,3262	2232,1898
269,3262	135,972
269,3262	810,1413
4437,2878	3396,2037
269,3262	1786,2331
269,3262	52,4387
4437,2878	4221,3508
269,3262	407,997
4437,2878	3151,2232
269,3262	968,4625
4437,2878	2940,1880
4437,2878	4478,2311
269,3262	1815,1967
269,3262	530,4244
4437,2878	2519,2681
269,3262	1913,3057
4437,2878	3934,2349
4437,2878	4768,1403
269,3262	1124,126
3378,4476	4531,4135
3378,4476	2686,3006
4437,2878	4795,207
269,3262	1063,3240
269,3262	1271,1448
4437,2878	4181,626
269,3262	1110,1691
3378,4476	4069,4665
269,3262	1748,1927
269,3262	1082,1914
4437,2878	3150,2895
3378,4476	4984,4841
269,3262	1085,4083
269,3262	884,213
3378,4476	4312,4883
3378,4476	2937,4007
4437,2878	3732,2528
269,3262	103,1802
4437,2878	4550,1335
3378,4476	4052,3939
4437,2878	4473,2571
269,3262	645,2123
269,3262	1125,4950
4437,2878	3291,1565
4437,2878	2592,2389
4437,2878	3146,484
269,3262	1709,313
4437,2878	2581,2044
3378,4476	2811,3614
269,3262	1850,2130
4437,2878	2819,1329
4437,2878	2497,139
3378,4476	2919,4698
4437,2878	4419,476
269,3262	1238,2895
269,3262	180,4023
269,3262	502,201
269,3262	1978,368
269,3262	101,1849
4437,2878	2676,545
269,3262	511,2825
4437,2878	3462,1112
269,3262	1773,3677
4437,2878	3565,1163
4437,2878	2933,2555
269,3262	1449,2693
4437,2878	3347,3134
269,3262	78,3352
3378,4476	2160,4372
4437,2878	4352,3790
269,3262	343,4626
269,3262	1004,3349
4437,2878	3197,1403
269,3262	25,4100
269,3262	1132,4210
269,3262	1213,652
4437,2878	2703,1944
269,3262	1444,2021
269,3262	180,1383
4437,2878	4599,1378
269,3262	642,3499
4437,2878	4897,849
4437,2878	3747,1229
4437,2878	4931,328
269,3262	2068,2787
4437,2878	3084,223
269,3262	297,4066
269,3262	734,2935
4437,2878	2398,1235
4437,2878	3752,1934
4437,2878	4156,2914
269,3262	1329,3315
4437,2878	2765,2210
4437,2878	4033,3216
269,3262	121,2545
4437,2878	4344,2361
4437,2878	4509,3841
269,3262	286,4356
3378,4476	4673,4522
4437,2878	2149,313
4437,2878	3734,3236
269,3262	983,3307
3378,4476	2839,4063
269,3262	419,169
4437,2878	2236,280
3378,4476	2080,4767
4437,2878	2373,1696
3378,4476	4335,4229
3378,4476	2787,3162
269,3262	2053,1711
269,3262	950,4636
4437,2878	2698,1987
3378,4476	4801,4364
4437,2878	2894,1331
269,3262	1253,2708
269,3262	74,4791
269,3262	419,4627
269,3262	1279,2822
4437,2878	2975,2385
4437,2878	2403,2646
4437,2878	4053,3306
4437,2878	4920,3530
269,3262	1392,8
269,3262	1153,4657
269,3262	357,3619
269,3262	1030,2796
269,3262	76,3935
269,3262	2110,1537
269,3262	575,4496
4437,2878	3472,2283
269,3262	1424,4337
269,3262	1391,518
269,3262	1289,4748
269,3262	901,4128
3378,4476	4451,4956
3378,4476	3151,3560
269,3262	2177,2550
4437,2878	2334,111
4437,2878	3511,2297
3378,4476	2115,4406
3378,4476	4319,4542
4437,2878	2604,2803
269,3262	1556,3536
269,3262	1160,48
4437,2878	4188,1272
4437,2878	4614,3146
3378,4476	2956,3802
269,3262	297,4600
4437,2878	3372,1870
269,3262	128,2967
4437,2878	4334,1298
269,3262	1593,2903
4437,2878	4071,156
3378,4476	2041,4682
269,3262	1983,2248
269,3262	1516,3440
269,3262	638,4695
4437,2878	3671,1939
3378,4476	3683,4168
269,3262	822,1542
269,3262	1347,3608
269,3262	534,3495
4437,2878	3233,2227
3378,4476	2070,3581
3378,4476	2917,4994
4437,2878	2685,742
4437,2878	2515,246
4437,2878	4034,89
269,3262	2052,1661
4437,2878	3259,3167
4437,2878	3568,3188
269,3262	314,4773
4437,2878	3811,2904
4437,2878	4659,1038
4437,2878	4623,2280
4437,2878	2687,199
3378,4476	3261,3880
4437,2878	4273,1108
269,3262	340,667
4437,2878	4636,2846
4437,2878	2957,36
269,3262	568,1562
269,3262	907,4428
4437,2878	3859,353
4437,2878	2576,207
3378,4476	2578,3216
269,3262	1026,2253
4437,2878	3329,1164
4437,2878	4879,1208
4437,2878	3311,2507
4437,2878	4190,490
269,3262	1334,1027
269,3262	1097,3939
269,3262	382,4256
269,3262	356,4546
4437,2878	3172,1476
3378,4476	2823,4799
269,3262	678,661
4437,2878	4585,1428
269,3262	2175,1651
269,3262	2137,2686
269,3262	2079,2123
4437,2878	4238,3739
269,3262	1271,3676
4437,2878	4527,1251
269,3262	316,4796
269,3262	1449,4196
269,3262	276,2589
269,3262	586,1580
4437,2878	3740,1955
3378,4476	3757,4278
269,3262	1305,2733
269,3262	1104,3903
4437,2878	4554,468
4437,2878	4451,675
4437,2878	4240,2812
269,3262	20,655
269,3262	851,3503
4437,2878	4976,2886
4437,2878	4671,3699
3378,4476	2750,3097
4437,2878	4197,2965
269,3262	973,1115
4437,2878	2595,186
269,3262	1495,1024
269,3262	157,2767
4437,2878	4976,1583
269,3262	361,3390
269,3262	508,2549
4437,2878	3190,427
4437,2878	4918,1377
4437,2878	2931,634
4437,2878	3344,442
4437,2878	3610,2907
4437,2878	4949,2095
3378,4476	2537,4609
4437,2878	3716,3376
269,3262	1480,251
4437,2878	3716,2163
269,3262	1560,3175
269,3262	525,2929
269,3262	788,1010
269,3262	214,2873
269,3262	174,1450
4437,2878	3307,111
3378,4476	2644,3739
4437,2878	4538,4063
4437,2878	3903,659
269,3262	423,4387
4437,2878	3292,2148
269,3262	227,4225
269,3262	784,656
3378,4476	2732,2937
269,3262	806,3861
269,3262	270,1263
4437,2878	4231,2351
269,3262	301,5
4437,2878	3085,2766
269,3262	1285,4491
269,3262	1203,1315
269,3262	1430,1302
269,3262	1987,2689
269,3262	195,3956
4437,2878	3261,361
269,3262	1854,1968
3378,4476	2306,2691
269,3262	1392,1951
4437,2878	2884,1851
269,3262	1340,3446
4437,2878	3792,2976
4437,2878	4631,1130
3378,4476	3166,4627
269,3262	110,1328
4437,2878	4781,46
4437,2878	3194,1408
269,3262	1219,159
269,3262	206,2648
4437,2878	4178,30
269,3262	312,386
269,3262	916,4694
269,3262	1209,1254
4437,2878	3111,216
3378,4476	3430,3573
4437,2878	4653,2727
269,3262	2031,1129
3378,4476	2982,4179
3378,4476	1774,4369
4437,2878	3279,598
269,3262	1063,3340
4437,2878	4637,2872
269,3262	790,3535
4437,2878	3572,2012
4437,2878	3859,3127
269,3262	1843,3234
3378,4476	1966,3941
3378,4476	3252,4762
269,3262	565,2067
3378,4476	2259,4313
3378,4476	3045,4442
269,3262	177,4948
4437,2878	3887,1941
4437,2878	2263,330
3378,4476	2634,3201
269,3262	873,4378
269,3262	399,1181
4437,2878	3214,219
4437,2878	3449,3220
4437,2878	3546,858
3378,4476	3773,4949
4437,2878	3784,1322
269,3262	1389,2789
4437,2878	3885,3367
269,3262	1302,4834
3378,4476	2324,4125
269,3262	921,3016
4437,2878	2829,1168
3378,4476	2929,3872
4437,2878	4249,441
269,3262	1603,2110
269,3262	1449,4781
4437,2878	2659,2425
4437,2878	3113,339
3378,4476	2384,4517
4437,2878	3532,285
4437,2878	3363,2204
4437,2878	3073,1705
4437,2878	2841,1099
269,3262	1082,903
4437,2878	2924,1357
269,3262	255,3527
4437,2878	4724,3263
4437,2878	3797,623
269,3262	637,3485
3378,4476	4463,4537
269,3262	1132,1386
269,3262	1253,1699
269,3262	1347,1869
269,3262	243,4303
269,3262	1110,4039
4437,2878	2924,2359
4437,2878	2745,970
4437,2878	3349,2144
269,3262	1296,2805
4437,2878	4108,2718
4437,2878	4367,1184
3378,4476	3081,4550
4437,2878	2500,1921
4437,2878	3101,2838
3378,4476	3197,3860
4437,2878	4190,2508
3378,4476	3359,3328
269,3262	800,1261
269,3262	1209,40
3378,4476	4779,4878
4437,2878	4236,875
3378,4476	1678,4880
4437,2878	4940,4206
269,3262	910,2184
269,3262	1381,3079
269,3262	699,295
269,3262	85,945
3378,4476	2966,3937
4437,2878	2607,885
4437,2878	3707,3023
4437,2878	4786,2079
4437,2878	3985,1873
269,3262	1302,4600
4437,2878	4518,638
4437,2878	4161,1376
269,3262	211,1366
4437,2878	4236,3349
4437,2878	4982,1704
4437,2878	3589,3317
4437,2878	2163,173
4437,2878	4812,1099
4437,2878	3180,1403
3378,4476	3612,4628
269,3262	439,3072
269,3262	711,4818
4437,2878	3319,2740
3378,4476	1909,4151
4437,2878	3731,320
4437,2878	3931,833
3378,4476	2201,4157
3378,4476	4016,4512
3378,4476	3228,3872
269,3262	2173,1482
3378,4476	1882,4431
4437,2878	2984,1306
3378,4476	2477,4987
269,3262	1176,3743
269,3262	563,561
4437,2878	3916,3221
4437,2878	4637,3358
4437,2878	4555,755
3378,4476	2175,3950
269,3262	1881,908
4437,2878	2430,1155
4437,2878	2944,771
269,3262	1135,464
269,3262	1120,4804
4437,2878	4577,1626
269,3262	57,270
3378,4476	3312,4573
4437,2878	4929,4016
269,3262	876,3874
4437,2878	4583,2844
4437,2878	2810,798
269,3262	42,1979
3378,4476	1856,4077
4437,2878	2551,2248
269,3262	1840,73
4437,2878	4060,2907
4437,2878	4169,2792
269,3262	750,634
3378,4476	2496,4699
4437,2878	3459,1853
3378,4476	3010,3122
269,3262	1191,1897
4437,2878	2358,1632
4437,2878	3941,2942
3378,4476	2317,3148
269,3262	1059,978
4437,2878	3286,2908
3378,4476	4098,3858
269,3262	1873,3063
3378,4476	2938,3538
3378,4476	2272,2942
4437,2878	3283,2319
269,3262	862,3929
4437,2878	2386,988
4437,2878	3653,1263
4437,2878	2818,1995
269,3262	1531,2769
4437,2878	4090,1873
269,3262	900,3144
3378,4476	3184,3807
4437,2878	4206,3782
4437,2878	4635,1807
3378,4476	3270,4114
3378,4476	2549,3986
269,3262	1905,2576
4437,2878	4242,13
269,3262	752,3864
3378,4476	2598,3229
269,3262	1862,3533
269,3262	398,4713
269,3262	331,3330
269,3262	765,2158
269,3262	1640,2677
269,3262	1462,926
269,3262	1481,2983
269,3262	231,1914
269,3262	357,66
3378,4476	3134,4379
269,3262	36,1062
269,3262	954,4953
4437,2878	4963,1633
269,3262	668,3818
269,3262	1619,12
4437,2878	4261,3401
269,3262	547,4398
269,3262	1451,1919
269,3262	1859,3403
3378,4476	3128,3888
269,3262	3,3570
269,3262	1721,3123
269,3262	337,2206
269,3262	233,4774
3378,4476	2843,3010
3378,4476	2763,3718
269,3262	1100,4881
4437,2878	4235,754
269,3262	2062,845
269,3262	847,2235
269,3262	197,1162
269,3262	1113,3104
3378,4476	1696,4695
4437,2878	2617,1651
3378,4476	3450,4161
4437,2878	4099,985
4437,2878	4584,864
4437,2878	3888,1020
4437,2878	4169,3667
4437,2878	3848,1463
3378,4476	3726,4487
4437,2878	2783,1055
4437,2878	3409,2084
4437,2878	3090,643
4437,2878	4628,4140
4437,2878	2749,1913
4437,2878	3717,2035
3378,4476	2875,3936
4437,2878	3361,195
4437,2878	3661,49
4437,2878	4525,3316
4437,2878	3654,1834
4437,2878	3518,1974
3378,4476	2074,3909
4437,2878	3891,1155
269,3262	1869,3611
3378,4476	2322,2948
3378,4476	3982,4910
269,3262	1219,4279
269,3262	717,1536
3378,4476	2456,4241
269,3262	1005,483
269,3262	1270,2808
269,3262	300,2739
269,3262	1313,3838
4437,2878	3197,1537
3378,4476	3370,4064
269,3262	1573,1372
4437,2878	3202,386
3378,4476	2776,4267
269,3262	1537,2687
269,3262	1500,4253
3378,4476	4446,4870
4437,2878	4773,3555
269,3262	1246,4042
4437,2878	4675,1747
4437,2878	4899,3615
269,3262	269,1990
3378,4476	3995,4947
3378,4476	2602,4553
269,3262	1608,4
269,3262	356,510
269,3262	1099,1989
3378,4476	3630,4996
269,3262	1834,893
4437,2878	4224,3485
3378,4476	2346,2770
4437,2878	4042,1574
269,3262	1337,3052
4437,2878	4565,2920
4437,2878	3589,3201
4437,2878	3595,2601
4437,2878	3838,551
269,3262	1200,1800
269,3262	928,1276
3378,4476	3228,3800
4437,2878	4428,1720
4437,2878	3013,381
269,3262	174,3327
269,3262	1698,717
3378,4476	3377,4796
4437,2878	4666,3370
4437,2878	4430,1724
269,3262	33,1117
3378,4476	4348,4011
3378,4476	2528,3114
3378,4476	4455,4400
269,3262	541,641
4437,2878	4954,4036
269,3262	125,1670
4437,2878	3435,2949
4437,2878	2556,685
269,3262	190,1958
269,3262	228,4816
4437,2878	4199,3010
269,3262	1256,3815
269,3262	2116,902
4437,2878	4862,3663
4437,2878	2281,1798
4437,2878	3135,3146
4437,2878	4151,2783
3378,4476	1870,4835
4437,2878	2161,728
269,3262	360,1268
3378,4476	2584,4785
4437,2878	4616,3973
269,3262	518,4319
4437,2878	3927,3561
3378,4476	2616,3158
269,3262	198,955
3378,4476	3557,4973
269,3262	1094,1161
269,3262	254,974
4437,2878	3520,2030
269,3262	260,2228
3378,4476	2164,3148
269,3262	945,2816
3378,4476	2389,3061
269,3262	1552,4437
4437,2878	4439,488
3378,4476	2775,4222
4437,2878	4523,114
269,3262	1322,4058
269,3262	179,2112
4437,2878	2716,1127
4437,2878	2818,813
4437,2878	4597,3421
269,3262	554,2060
4437,2878	4673,853
4437,2878	4265,615
4437,2878	4802,1050
4437,2878	3975,283
4437,2878	4261,1830
4437,2878	2845,793
4437,2878	4569,1777
269,3262	1451,1885
4437,2878	3268,1649
4437,2878	4987,3596
4437,2878	2854,1294
269,3262	2205,2855
4437,2878	4483,1644
269,3262	1770,3815
4437,2878	2570,1052
3378,4476	2267,4596
269,3262	3,682
4437,2878	2687,2526
4437,2878	2648,287
269,3262	692,115
4437,2878	2395,939
269,3262	1363,2255
269,3262	1649,4200
4437,2878	4543,2837
4437,2878	3678,728
3378,4476	3396,4118
4437,2878	4357,3351
269,3262	1005,658
4437,2878	4862,3792
4437,2878	2655,1426
4437,2878	2429,1974
4437,2878	3579,2348
269,3262	256,187
269,3262	67,2206
269,3262	624,2565
3378,4476	2596,4487
4437,2878	2354,396
3378,4476	2038,4232
269,3262	1147,2126
4437,2878	4891,459
3378,4476	3183,3429
3378,4476	2300,4771
269,3262	1846,2076
3378,4476	2562,4364
4437,2878	4009,3676
269,3262	1006,3470
4437,2878	3067,1388
4437,2878	4265,420
3378,4476	1892,3910
4437,2878	3143,250
269,3262	1953,664
4437,2878	2525,806
269,3262	1496,1054
4437,2878	3585,124
3378,4476	2966,4304
4437,2878	3390,1020
4437,2878	4319,2019
4437,2878	4094,2307
3378,4476	2199,3311
3378,4476	3534,3856
269,3262	478,1345
4437,2878	4294,2927
269,3262	1658,2041
269,3262	1238,1812
4437,2878	2464,1190
269,3262	1526,4519
3378,4476	2051,4457
269,3262	223,1484
269,3262	1905,3419
269,3262	1284,1993
4437,2878	4587,1055
4437,2878	4762,1376
3378,4476	2031,4292
4437,2878	2452,172
4437,2878	3775,1636
269,3262	510,3375
269,3262	1374,3121
4437,2878	4141,3177
269,3262	1740,3152
3378,4476	4368,4310
4437,2878	4040,844
269,3262	1038,704
4437,2878	4364,95
269,3262	669,86
269,3262	1990,3242
4437,2878	3689,2259
4437,2878	3378,2828
4437,2878	3246,2115
269,3262	627,1292
4437,2878	4800,1987
269,3262	1719,371
269,3262	439,4188
269,3262	549,3655
3378,4476	2039,3691
269,3262	1101,4913
4437,2878	4175,2368
269,3262	110,4901
269,3262	1210,2877
4437,2878	2932,3006
3378,4476	2435,4110
269,3262	2076,1094
269,3262	184,3927
3378,4476	1635,4985
4437,2878	3251,2780
4437,2878	3879,2469
4437,2878	3607,1141
4437,2878	3894,2424
4437,2878	2718,2859
4437,2878	4940,3118
3378,4476	3242,4741
3378,4476	3287,4108
3378,4476	2440,4626
269,3262	1927,1546
4437,2878	3533,1772
3378,4476	2172,4213
269,3262	1371,4175
269,3262	1149,4893
3378,4476	4238,4355
3378,4476	4147,3898
4437,2878	2799,2121
4437,2878	3550,2471
3378,4476	3737,4314
269,3262	427,1591
3378,4476	2105,3758
269,3262	563,149
3378,4476	1648,4892
269,3262	845,2100
269,3262	8,1774
269,3262	1515,1422
3378,4476	2952,4992
4437,2878	2192,73
269,3262	135,169
4437,2878	4977,1371
4437,2878	2542,1934
3378,4476	3219,4094
4437,2878	2975,2905
269,3262	719,4768
4437,2878	3538,944
269,3262	202,1410
269,3262	116,4865
4437,2878	4355,2232
4437,2878	2890,1708
4437,2878	3145,1612
4437,2878	2615,1511
269,3262	1464,4065
269,3262	1238,4844
4437,2878	4142,3339
4437,2878	4807,1857
269,3262	22,443
3378,4476	3572,4951
269,3262	256,1110
4437,2878	4116,698
4437,2878	3435,2542
4437,2878	2717,1548
269,3262	503,2778
269,3262	1131,2589
3378,4476	2247,3981
3378,4476	3942,4988
4437,2878	2708,2208
269,3262	638,3757
269,3262	1307,882
4437,2878	4197,2121
4437,2878	4578,3314
4437,2878	4980,3668
4437,2878	3451,1302
4437,2878	4976,3433
269,3262	1035,920
4437,2878	4788,912
269,3262	1523,3950
4437,2878	2410,819
4437,2878	3487,2148
4437,2878	2262,906
3378,4476	2913,4170
4437,2878	4391,612
269,3262	66,335
4437,2878	4979,121
269,3262	1134,1006
4437,2878	3343,3154
4437,2878	3943,221
4437,2878	2566,1150
269,3262	696,3211
4437,2878	4744,1844
269,3262	399,1714
4437,2878	3378,226
269,3262	386,4907
4437,2878	3271,1085
4437,2878	4589,2434
3378,4476	3331,3315
4437,2878	4475,448
3378,4476	3651,4443
269,3262	1191,4592
269,3262	1041,1698
4437,2878	4821,1379
269,3262	731,4723
4437,2878	3846,2357
269,3262	2194,2070
269,3262	1733,3302
269,3262	73,422
4437,2878	4288,574
269,3262	84,2331
269,3262	1265,1153
4437,2878	4155,1102
269,3262	938,2721
269,3262	52,2648
269,3262	1190,2705
4437,2878	4737,512
269,3262	705,3055
269,3262	1696,2079
4437,2878	3695,2718
3378,4476	3974,3854
3378,4476	4388,4312
269,3262	691,662
3378,4476	2584,3594
3378,4476	3143,3303
4437,2878	4441,3932
4437,2878	4516,3488
4437,2878	4248,606
269,3262	1796,1177
3378,4476	3273,4189
4437,2878	2567,1213
269,3262	577,1172
269,3262	1277,282
3378,4476	3146,4630
269,3262	949,557
4437,2878	4295,2192
4437,2878	4630,2479
3378,4476	2885,3907
3378,4476	3294,4845
3378,4476	2614,3823
4437,2878	4197,2828
3378,4476	1902,4113
269,3262	307,3144
4437,2878	2998,2803
4437,2878	4196,56
3378,4476	2046,4705
269,3262	630,3893
269,3262	908,3014
4437,2878	3565,1997
4437,2878	4470,198
3378,4476	4249,4159
269,3262	914,329
4437,2878	4668,2938
269,3262	325,2996
269,3262	1473,2792
3378,4476	2205,3981
4437,2878	3957,3433
269,3262	10,1934
4437,2878	3910,2820
269,3262	1316,357
3378,4476	3934,4308
269,3262	1350,3156
3378,4476	2357,4753
4437,2878	3962,1745
269,3262	223,3721
4437,2878	4913,1420
4437,2878	3618,2582
4437,2878	4738,2685
3378,4476	3522,4652
269,3262	1180,4197
4437,2878	3518,3206
269,3262	1943,3019
4437,2878	3121,2418
269,3262	1971,1731
269,3262	2088,1980
3378,4476	4394,4809
3378,4476	3047,3731
3378,4476	1951,4909
4437,2878	2766,1199
4437,2878	2638,1995
269,3262	1179,2102
4437,2878	4508,1417
3378,4476	4395,4886
269,3262	939,3660
4437,2878	3930,1677
3378,4476	1487,4917
3378,4476	2932,4958
269,3262	2040,727
3378,4476	4430,4069
269,3262	1722,2406
4437,2878	3192,2239
4437,2878	4192,1655
3378,4476	2899,3331
4437,2878	2583,169
269,3262	354,1573
3378,4476	1613,4947
269,3262	1339,4564
4437,2878	3754,663
3378,4476	2054,4108
3378,4476	2357,3984
4437,2878	3438,2573
4437,2878	3156,446
269,3262	942,481
4437,2878	2741,1308
3378,4476	2180,4577
4437,2878	3589,2530
4437,2878	4488,3398
4437,2878	3946,3071
269,3262	1805,734
269,3262	656,747
4437,2878	4146,143
4437,2878	4772,4203
3378,4476	2710,4887
269,3262	784,4616
269,3262	1924,165
269,3262	337,782
4437,2878	2556,749
4437,2878	4817,3206
269,3262	1051,4716
4437,2878	4351,1620
269,3262	2275,2420
269,3262	1300,1504
4437,2878	4836,1851
269,3262	1121,1065
269,3262	1870,2112
4437,2878	4063,2486
269,3262	1190,2222
269,3262	1674,642
269,3262	1116,3333
269,3262	1490,1629
4437,2878	4823,140
3378,4476	2879,4405
4437,2878	3930,1033
4437,2878	2218,668
3378,4476	2287,4908
269,3262	1806,33
269,3262	1174,1696
4437,2878	4730,27
4437,2878	3425,1041
269,3262	1191,3972
4437,2878	4411,336
4437,2878	4123,2611
269,3262	1802,1428
4437,2878	3740,2593
4437,2878	3625,1895
4437,2878	2255,1546
269,3262	822,2865
4437,2878	4015,2229
3378,4476	2888,4412
4437,2878	4822,2316
269,3262	1784,2340
4437,2878	4525,3215
269,3262	536,1435
4437,2878	3076,932
4437,2878	4833,779
4437,2878	4234,1134
4437,2878	3775,1181
4437,2878	3461,2143
4437,2878	4392,1598
269,3262	1455,560
3378,4476	2171,3608
3378,4476	2679,3081
4437,2878	4193,419
3378,4476	2820,3195
3378,4476	3145,4502
269,3262	1031,4432
4437,2878	4663,1244
269,3262	284,2501
3378,4476	3634,4229
4437,2878	4714,3406
269,3262	1721,3839
269,3262	1666,3206
269,3262	718,799
4437,2878	4385,3294
269,3262	996,4151
4437,2878	3822,1375
269,3262	264,1650
269,3262	1908,1971
269,3262	779,4902
3378,4476	3096,3329
269,3262	570,4488
3378,4476	1741,4306
269,3262	1627,1789
4437,2878	4028,744
269,3262	1568,816
4437,2878	4204,1066
4437,2878	4946,1599
3378,4476	4507,4725
4437,2878	4258,3535
4437,2878	4921,3235
3378,4476	2147,3861
4437,2878	4938,236
4437,2878	2873,2829
269,3262	1686,283
269,3262	1618,3608
3378,4476	1763,4243
269,3262	1737,57
269,3262	1174,1938
3378,4476	3717,3865
269,3262	748,4950
269,3262	2261,2375
4437,2878	3212,2695
4437,2878	2436,726
269,3262	1019,4066
4437,2878	3035,723
269,3262	1884,1114
4437,2878	3353,1966
269,3262	146,3972
4437,2878	2317,1179
4437,2878	4236,3032
269,3262	1192,948
4437,2878	4160,2633
4437,2878	2623,619
4437,2878	2944,1569
269,3262	1640,2418
4437,2878	4271,3472
3378,4476	3103,3233
269,3262	290,1169
4437,2878	3611,631
4437,2878	2357,1270
4437,2878	4314,1540
4437,2878	4934,4008
4437,2878	2866,1272
4437,2878	4795,1217
4437,2878	4690,3517
269,3262	2169,1733
269,3262	956,1292
269,3262	1141,3616
4437,2878	4392,3471
269,3262	1470,313
3378,4476	2448,3851
4437,2878	4693,698
4437,2878	3003,807
269,3262	827,4049
3378,4476	2012,4263
269,3262	350,246
4437,2878	4827,706
4437,2878	3814,2130
4437,2878	4799,2104
4437,2878	4607,3083
269,3262	1330,1946
269,3262	999,4760
4437,2878	4241,1309
4437,2878	4068,1992
269,3262	107,1855
269,3262	1175,4923
269,3262	1181,1264
4437,2878	4849,1452
269,3262	556,865
4437,2878	2289,782
3378,4476	2208,3832
4437,2878	4728,2113
4437,2878	4737,3439
269,3262	339,612
269,3262	1158,3698
269,3262	480,2842
4437,2878	2726,2080
4437,2878	3340,3198
269,3262	181,2428
269,3262	1981,1739
269,3262	730,4854
269,3262	1179,2030
4437,2878	4283,1744
4437,2878	3710,2618
269,3262	87,2051
3378,4476	3447,4736
3378,4476	4253,4486
269,3262	1058,2718
3378,4476	4665,4368
4437,2878	3180,1641
4437,2878	2443,777
4437,2878	3646,2209
269,3262	1940,2144
4437,2878	2509,693
4437,2878	3014,1187
4437,2878	3685,215
3378,4476	3164,3664
269,3262	425,2337
4437,2878	4181,3472
3378,4476	3835,4660
4437,2878	4239,1594
269,3262	1313,61
4437,2878	2185,876
4437,2878	3153,2106
269,3262	1620,3971
4437,2878	3857,2168
4437,2878	4222,3310
269,3262	1087,4986
4437,2878	4074,2196
269,3262	1408,127
269,3262	1701,2776
269,3262	2143,895
269,3262	255,3572
4437,2878	2540,2642
269,3262	1577,2706
4437,2878	3361,1044
269,3262	1015,2047
3378,4476	2928,3869
4437,2878	3616,1423
3378,4476	2900,3503
4437,2878	3574,3359
3378,4476	2987,4784
269,3262	864,719
4437,2878	4568,3709
269,3262	1073,786
269,3262	127,4299
3378,4476	3164,3932
269,3262	1945,3221
269,3262	791,3455
269,3262	469,2427
4437,2878	4921,1396
4437,2878	2468,2281
4437,2878	4315,1019
4437,2878	4570,2763
269,3262	1,1183
269,3262	12,763
4437,2878	2779,2766
4437,2878	3705,1625
269,3262	1988,3067
4437,2878	4681,3778
3378,4476	2142,4471
269,3262	1402,3684
4437,2878	3279,121
269,3262	845,38
269,3262	877,2700
269,3262	1701,2559
4437,2878	4462,942
4437,2878	4104,2467
269,3262	757,838
4437,2878	4462,2364
269,3262	499,2013
269,3262	911,1347
4437,2878	3641,1356
269,3262	1357,3811
269,3262	2112,1374
3378,4476	3603,4677
269,3262	223,4593
4437,2878	3100,133
269,3262	1005,822
4437,2878	2537,678
4437,2878	3124,1709
269,3262	2101,3144
3378,4476	1880,3793
4437,2878	4870,4134
4437,2878	4585,3014
269,3262	1528,3485
269,3262	68,4825
3378,4476	3448,4935
269,3262	1914,2320
3378,4476	2841,4203
3378,4476	2570,3874
4437,2878	3830,2074
4437,2878	2822,2234
269,3262	1341,1527
269,3262	1820,3786
4437,2878	2650,190
3378,4476	3049,3885
4437,2878	2345,2025
269,3262	172,834
3378,4476	3762,4239
269,3262	1492,1619
3378,4476	3184,4928
3378,4476	2717,4519
269,3262	1088,269
4437,2878	4026,3391
4437,2878	3825,3611
4437,2878	3012,97
3378,4476	1617,4645
269,3262	1671,558
4437,2878	4016,1077
269,3262	718,4251
4437,2878	4537,3317
4437,2878	2285,1702
269,3262	644,3506
269,3262	186,4460
4437,2878	3909,2807
269,3262	23,1619
3378,4476	2417,3431
3378,4476	3677,4209
4437,2878	2322,525
269,3262	318,705
3378,4476	2835,3104
4437,2878	3379,3120
269,3262	1902,2319
4437,2878	3970,3281
4437,2878	4536,5
4437,2878	3562,2363
4437,2878	3974,1261
3378,4476	3269,3535
3378,4476	3234,4802
4437,2878	4920,2473
3378,4476	3847,4486
4437,2878	3028,2490
3378,4476	3430,4798
269,3262	1392,2839
269,3262	305,3477
3378,4476	3597,3611
4437,2878	2542,539
269,3262	1857,2714
269,3262	1892,3086
269,3262	196,2775
269,3262	1277,1499
4437,2878	4072,566
269,3262	815,1451
4437,2878	4947,262
269,3262	1874,1466
269,3262	81,4261
3378,4476	3582,3534
269,3262	1470,2371
3378,4476	3251,3607
3378,4476	2551,4352
269,3262	310,1305
4437,2878	3922,1293
269,3262	873,956
4437,2878	3879,2316
4437,2878	2500,2472
4437,2878	3204,264
4437,2878	4800,2188
3378,4476	2718,3779
269,3262	555,490
4437,2878	2406,1800
4437,2878	3725,2534
4437,2878	4490,1686
4437,2878	3093,557
4437,2878	3472,331
269,3262	349,749
4437,2878	3021,57
4437,2878	2413,2529
269,3262	475,9
269,3262	271,353
269,3262	1276,4865
269,3262	1386,3848
269,3262	665,4796
269,3262	1140,165
4437,2878	4593,1105
269,3262	832,629
269,3262	535,4976
269,3262	948,1652
269,3262	820,3991
4437,2878	3545,657
269,3262	943,3879
3378,4476	3651,4107
269,3262	1376,4422
269,3262	834,1132
3378,4476	3051,3458
4437,2878	4189,1064
269,3262	661,4149
269,3262	287,4530
269,3262	2032,772
4437,2878	3097,3045
4437,2878	4330,2655
3378,4476	4601,4684
4437,2878	4477,3214
4437,2878	2512,1983
4437,2878	4636,749
269,3262	1249,4955
4437,2878	3318,2984
3378,4476	2323,2890
4437,2878	4140,3060
269,3262	171,65
269,3262	10,1172
269,3262	2111,1716
269,3262	1121,1525
269,3262	948,4010
4437,2878	3964,1030
269,3262	2257,2136
269,3262	1137,334
269,3262	1410,2877
4437,2878	2650,1639
269,3262	778,4109
4437,2878	4054,1184
269,3262	2058,2628
269,3262	1552,948
269,3262	1990,2888
4437,2878	3271,844
3378,4476	2251,3177
4437,2878	4565,2923
269,3262	262,2719
269,3262	1897,3228
269,3262	276,3449
4437,2878	4399,2213
269,3262	1304,2145
269,3262	382,2192
269,3262	651,2743
4437,2878	3412,63
269,3262	2184,1857
269,3262	1468,2075
3378,4476	3025,4290
269,3262	929,1400
4437,2878	4074,1632
3378,4476	4644,4998
4437,2878	4860,605
4437,2878	3342,2336
269,3262	349,2113
269,3262	42,246
4437,2878	4970,1299
4437,2878	2698,1408
4437,2878	3313,1918
3378,4476	4776,4494
269,3262	1621,258
4437,2878	4449,1552
3378,4476	3718,4478
3378,4476	3683,4859
4437,2878	2742,2839
4437,2878	2991,958
269,3262	136,3430
4437,2878	2979,1524
4437,2878	3931,1868
3378,4476	3154,4914
269,3262	121,1541
4437,2878	4049,3386
4437,2878	3213,1325
269,3262	1260,3513
3378,4476	3123,3643
269,3262	1758,2070
269,3262	517,1296
4437,2878	4657,18
4437,2878	2464,1512
269,3262	808,1263
269,3262	2050,1444
4437,2878	3259,2102
4437,2878	4273,3450
3378,4476	2624,4411
3378,4476	3476,4018
4437,2878	3801,982
3378,4476	2054,4958
4437,2878	2581,2105
269,3262	2068,2333
3378,4476	3075,4980
4437,2878	4209,190
3378,4476	4095,4208
4437,2878	4113,1662
4437,2878	3456,2230
4437,2878	3331,296
269,3262	176,3395
4437,2878	4551,701
4437,2878	2279,208
269,3262	240,4037
3378,4476	3195,4370
3378,4476	2864,4499
3378,4476	3864,4291
3378,4476	3644,4553
3378,4476	3890,4736
3378,4476	1515,4809
269,3262	204,4973
4437,2878	2914,1722
3378,4476	2522,3526
269,3262	546,1795
269,3262	797,1354
4437,2878	4967,3712
269,3262	1054,4072
3378,4476	2585,3606
269,3262	1265,4003
3378,4476	2067,4024
3378,4476	2794,4300
269,3262	1835,367
3378,4476	2955,4183
3378,4476	2161,3226
3378,4476	4383,4875
269,3262	788,2512
269,3262	1062,4128
269,3262	1144,1191
269,3262	523,2784
269,3262	1593,362
269,3262	221,4011
4437,2878	3857,638
3378,4476	4699,4288
269,3262	414,1141
3378,4476	3821,4613
269,3262	1109,4613
269,3262	2115,663
3378,4476	2477,2922
269,3262	1069,3833
4437,2878	3036,350
4437,2878	2702,845
269,3262	824,901
4437,2878	2510,2525
4437,2878	4752,2992
269,3262	1478,58
4437,2878	3891,3317
4437,2878	3314,1752
269,3262	748,3422
3378,4476	2185,3983
3378,4476	3538,4037
4437,2878	3086,1191
4437,2878	3516,1684
4437,2878	3474,1573
4437,2878	2192,587
269,3262	1121,3809
3378,4476	2636,2972
3378,4476	2386,3685
4437,2878	2814,2015
269,3262	1329,3777
269,3262	1044,2784
3378,4476	1794,4073
269,3262	1264,793
3378,4476	4396,4802
4437,2878	4952,3643
4437,2878	2605,1426
269,3262	716,2589
269,3262	1336,2230
4437,2878	2918,955
269,3262	921,3103
4437,2878	2638,2684
4437,2878	2536,2730
269,3262	12,1550
4437,2878	2477,1528
269,3262	1390,4569
269,3262	1302,3893
269,3262	1972,650
4437,2878	4289,2126
269,3262	866,417
4437,2878	3103,731
3378,4476	3203,3799
4437,2878	3970,1153
269,3262	1152,472
269,3262	926,1238
269,3262	980,3310
4437,2878	4976,769
4437,2878	2304,670
3378,4476	4724,4756
269,3262	816,1776
3378,4476	2475,3301
269,3262	1409,4350
4437,2878	3707,2185
4437,2878	2766,1430
4437,2878	3306,2137
269,3262	1451,1325
269,3262	701,1731
4437,2878	4260,2929
4437,2878	3734,743
3378,4476	2719,4229
4437,2878	3476,2476
4437,2878	3757,460
269,3262	1147,2860
269,3262	1436,4091
269,3262	1852,1893
269,3262	533,1029
3378,4476	3604,3557
269,3262	815,2955
269,3262	1840,991
4437,2878	2640,1097
269,3262	1632,1940
4437,2878	4482,2576
4437,2878	4067,2813
4437,2878	4831,3941
4437,2878	4131,2211
4437,2878	2424,149
269,3262	1476,2224
269,3262	1603,4099
4437,2878	4492,902
3378,4476	2554,3602
269,3262	1425,898
269,3262	397,3729
3378,4476	4343,4329
3378,4476	4599,4610
4437,2878	4477,3078
4437,2878	3439,2600
4437,2878	4982,2767
269,3262	1857,2710
4437,2878	4049,1186
4437,2878	4256,213
4437,2878	3947,1145
269,3262	11,688
4437,2878	4603,153
269,3262	1133,896
269,3262	450,2630
4437,2878	2554,1587
269,3262	513,392
269,3262	1882,1452
3378,4476	2947,3136
4437,2878	4343,3015
4437,2878	3430,1718
4437,2878	3212,324
4437,2878	4885,1826
4437,2878	4660,60
4437,2878	3653,88
4437,2878	3398,1257
269,3262	1647,519
4437,2878	4742,1059
4437,2878	2592,2298
3378,4476	2415,3706
3378,4476	2803,4289
3378,4476	3386,4023
4437,2878	2700,2180
4437,2878	4230,2493
3378,4476	3634,4376
3378,4476	2720,3287
3378,4476	2747,3306
4437,2878	2296,116
269,3262	1753,3825
3378,4476	2447,3302
4437,2878	3510,1063
269,3262	1465,3910
269,3262	1559,1399
269,3262	1580,638
3378,4476	2217,4117
4437,2878	4147,1341
4437,2878	4810,1515
4437,2878	3972,994
4437,2878	3942,2032
4437,2878	3555,1504
269,3262	952,445
4437,2878	4226,313
269,3262	736,773
4437,2878	4843,1125
269,3262	1205,4611
269,3262	1719,2941
4437,2878	2999,818
269,3262	784,3085
4437,2878	4000,1029
3378,4476	2749,4697
4437,2878	4278,1664
4437,2878	4974,1833
3378,4476	4892,4670
3378,4476	3637,4940
4437,2878	2350,781
269,3262	1149,3427
269,3262	782,1544
269,3262	1067,1457
269,3262	2176,2257
4437,2878	2659,1385
4437,2878	3650,2752
4437,2878	4474,819
269,3262	740,3246
269,3262	94,510
269,3262	1545,2813
4437,2878	3565,2033
3378,4476	2710,3501
4437,2878	4826,1015
4437,2878	2688,536
3378,4476	3946,4980
4437,2878	4040,2432
269,3262	2007,3142
269,3262	483,2825
4437,2878	2716,1384
269,3262	735,4590
3378,4476	2261,3753
269,3262	50,1308
269,3262	1157,4569
4437,2878	4647,2766
4437,2878	3720,553
4437,2878	3191,2226
4437,2878	3835,2320
269,3262	238,3313
269,3262	194,3732
269,3262	911,1079
4437,2878	2462,2699
3378,4476	2439,4971
269,3262	1274,4007
4437,2878	3642,56
4437,2878	4989,2659
269,3262	1271,3392
269,3262	218,2447
269,3262	1461,4731
269,3262	1283,641
3378,4476	3450,4193
3378,4476	3709,4376
269,3262	1135,3441
4437,2878	2781,1083
4437,2878	4600,2945
4437,2878	4840,1380
269,3262	675,761
269,3262	1984,920
269,3262	1656,3918
269,3262	1568,226
4437,2878	3081,2701
269,3262	2165,2908
4437,2878	4832,2069
3378,4476	3628,4253
269,3262	314,2552
3378,4476	3651,3551
3378,4476	1825,3881
269,3262	121,4274
4437,2878	4883,3240
4437,2878	2760,1756
4437,2878	4609,2858
4437,2878	2405,1333
269,3262	1450,2302
269,3262	1635,973
3378,4476	2887,3096
269,3262	1264,2472
269,3262	2094,1373
4437,2878	3323,226
269,3262	636,1522
3378,4476	3197,3372
269,3262	641,629
4437,2878	4664,2047
4437,2878	4388,552
269,3262	1768,2654
3378,4476	3708,4570
4437,2878	4978,803
269,3262	1388,1307
3378,4476	4961,4819
4437,2878	4983,396
4437,2878	3587,2131
3378,4476	1751,4396
269,3262	498,4043
269,3262	600,137
269,3262	399,4867
269,3262	1540,1403
4437,2878	4035,1632
4437,2878	4267,2383
3378,4476	4709,4652
269,3262	717,1231
3378,4476	3053,4467
269,3262	6,2739
3378,4476	2537,4477
3378,4476	1852,4757
4437,2878	2488,99
4437,2878	4701,3380
4437,2878	2900,580
4437,2878	2692,2293
4437,2878	2834,822
3378,4476	2460,4620
269,3262	1221,2884
269,3262	314,118
4437,2878	4890,3280
269,3262	69,3538
269,3262	1912,3527
4437,2878	4671,3809
4437,2878	2407,34
269,3262	1437,4693
3378,4476	3721,4406
269,3262	553,112
269,3262	358,744
269,3262	1043,3222
3378,4476	3142,4896
269,3262	1435,1801
4437,2878	4489,880
269,3262	244,334
3378,4476	3231,3320
4437,2878	2318,1402
4437,2878	3115,215
3378,4476	2611,3440
4437,2878	4249,1646
4437,2878	4209,2918
4437,2878	4881,2015
269,3262	264,3401
3378,4476	4034,4201
269,3262	390,1638
3378,4476	2771,3749
269,3262	1507,4652
269,3262	1615,1739
269,3262	292,1638
269,3262	976,2405
4437,2878	2650,2702
4437,2878	2496,1178
269,3262	1478,4721
4437,2878	3400,2258
269,3262	452,3134
269,3262	905,4660
4437,2878	4077,1329
4437,2878	3112,1818
4437,2878	3358,3171
269,3262	1054,4588
4437,2878	3625,2970
269,3262	376,4299
269,3262	1865,1768
4437,2878	4202,3273
4437,2878	3983,1837
4437,2878	4683,640
4437,2878	4426,909
269,3262	1255,1353
4437,2878	2484,230
4437,2878	2614,932
269,3262	1074,4327
269,3262	1472,4476
4437,2878	3408,2100
269,3262	108,3001
269,3262	1128,364
4437,2878	4219,1770
4437,2878	3643,2212
4437,2878	3414,491
3378,4476	2041,4827
269,3262	2181,1582
4437,2878	2762,860
3378,4476	2196,4031
4437,2878	3040,2407
269,3262	476,2169
269,3262	882,2942
4437,2878	2332,1595
4437,2878	2789,1905
269,3262	1975,1632
269,3262	1540,3100
269,3262	996,4382
269,3262	2059,1383
3378,4476	2837,3200
269,3262	220,4371
269,3262	358,4379
4437,2878	3553,897
269,3262	2080,1646
4437,2878	4187,2462
269,3262	703,856
4437,2878	4097,3458
4437,2878	4528,2891
269,3262	1470,1207
269,3262	998,2352
4437,2878	2414,1425
4437,2878	3981,2412
3378,4476	2024,4415
4437,2878	4753,1970
269,3262	636,3912
269,3262	1578,2935
4437,2878	3493,2200
4437,2878	2684,846
269,3262	1150,3797
3378,4476	2877,4150
269,3262	1062,513
4437,2878	3775,3285
4437,2878	3949,2612
4437,2878	4994,2552
4437,2878	3965,1154
4437,2878	2321,373
4437,2878	3364,543
3378,4476	3797,4861
269,3262	1454,558
269,3262	924,3226
269,3262	1894,2391
269,3262	878,3484
4437,2878	4779,2419
4437,2878	4433,255
4437,2878	4636,401
3378,4476	3311,3378
4437,2878	4290,3012
269,3262	1862,2010
269,3262	1335,887
269,3262	955,4385
4437,2878	4958,1191
3378,4476	2424,2935
3378,4476	3976,4184
3378,4476	2016,3539
269,3262	1221,4900
4437,2878	4905,1531
4437,2878	2798,1485
269,3262	178,2742
269,3262	1227,842
4437,2878	4205,2576
4437,2878	4967,2030
269,3262	837,4603
269,3262	851,3911
3378,4476	4284,4042
3378,4476	2346,2745
269,3262	742,1710
269,3262	338,3309
3378,4476	2121,4196
4437,2878	2785,1800
4437,2878	4819,2787
4437,2878	2132,543
4437,2878	3687,1042
269,3262	313,793
4437,2878	3598,2302
4437,2878	2742,2082
4437,2878	3634,146
4437,2878	2812,2632
269,3262	1986,2890
4437,2878	2965,2936
4437,2878	3073,1649
269,3262	142,3226
3378,4476	4759,4410
3378,4476	2524,3280
4437,2878	4938,180
4437,2878	4465,973
4437,2878	2574,198
4437,2878	3555,1174
269,3262	759,1024
269,3262	415,4557
4437,2878	2390,1613
4437,2878	2961,1985
4437,2878	4630,678
269,3262	1826,3546
4437,2878	2600,2348
269,3262	169,532
4437,2878	3775,2253
4437,2878	3125,1751
269,3262	1314,3710
269,3262	89,1293
269,3262	21,1365
4437,2878	4684,406
269,3262	752,3029
269,3262	444,1838
3378,4476	1852,4066
269,3262	2091,2556
4437,2878	4635,3068
4437,2878	4394,2568
3378,4476	4072,4143
269,3262	409,1997
269,3262	1064,1744
269,3262	1901,804
269,3262	1150,864
269,3262	340,4919
4437,2878	4584,749
4437,2878	4833,3552
3378,4476	3712,3685
4437,2878	3239,115
4437,2878	4293,2611
4437,2878	4277,1726
269,3262	1038,2453
4437,2878	4537,2407
3378,4476	3292,4872
4437,2878	4273,411
3378,4476	3752,4674
4437,2878	4643,2026
4437,2878	3216,2161
4437,2878	4560,2519
269,3262	991,2572
4437,2878	4696,2094
4437,2878	4208,2188
3378,4476	3704,3659
269,3262	845,4810
4437,2878	2548,2643
269,3262	624,3569
4437,2878	2792,55
269,3262	888,2695
4437,2878	4823,863
4437,2878	4564,1608
4437,2878	4676,41
269,3262	149,148
3378,4476	2540,3789
269,3262	902,4233
269,3262	163,4093
269,3262	1937,2247
4437,2878	4216,2468
269,3262	2163,1644
3378,4476	3288,4943
3378,4476	3660,3905
4437,2878	2513,2711
269,3262	122,4720
3378,4476	4943,4923
4437,2878	2411,874
4437,2878	2799,746
269,3262	1258,3153
4437,2878	3738,2148
4437,2878	2856,2280
269,3262	1814,1499
4437,2878	4515,3721
4437,2878	3821,2122
4437,2878	3897,769
269,3262	680,1412
4437,2878	4528,427
269,3262	2056,2950
3378,4476	2723,2948
269,3262	467,3144
4437,2878	2795,1425
3378,4476	2332,3900
269,3262	363,4428
4437,2878	4131,2480
4437,2878	2615,2212
4437,2878	2620,615
4437,2878	2859,162
4437,2878	3676,1423
4437,2878	2940,2413
3378,4476	2166,4023
269,3262	14,3649
269,3262	1292,1998
4437,2878	2847,1911
269,3262	929,390
3378,4476	3113,3646
3378,4476	3103,4904
269,3262	300,2657
269,3262	208,103
4437,2878	3761,2048
269,3262	1738,1442
4437,2878	3811,841
3378,4476	3278,4603
269,3262	456,2165
269,3262	857,1123
269,3262	478,85
3378,4476	2110,3466
3378,4476	4297,4759
4437,2878	2333,558
3378,4476	2732,3945
4437,2878	4787,2772
269,3262	2174,2739
269,3262	1895,387
4437,2878	4259,1950
3378,4476	3622,4287
269,3262	146,3134
4437,2878	2610,349
4437,2878	4295,1662
269,3262	935,4599
269,3262	1997,246
4437,2878	4414,2563
269,3262	1226,1974
4437,2878	4686,4034
3378,4476	4429,4045
4437,2878	3551,1472
4437,2878	3659,2150
269,3262	1408,314
4437,2878	2954,2420
4437,2878	2798,2245
269,3262	1876,3203
269,3262	44,485
269,3262	821,1112
4437,2878	4903,2704
4437,2878	4618,1351
269,3262	158,340
4437,2878	4372,1332
4437,2878	4746,1269
269,3262	643,1143
269,3262	1237,4487
269,3262	1529,3337
4437,2878	3186,153
4437,2878	3024,2361
3378,4476	2820,4616
269,3262	130,1943
4437,2878	4818,81
4437,2878	3011,3009
4437,2878	2804,706
4437,2878	4707,3038
4437,2878	2992,530
4437,2878	3354,1537
3378,4476	2956,4711
269,3262	2066,1231
3378,4476	1743,4295
3378,4476	1519,4917
269,3262	1105,4141
269,3262	913,2610
3378,4476	4766,4773
4437,2878	4584,786
269,3262	1355,2930
3378,4476	2092,3833
3378,4476	2148,3658
269,3262	1514,3235
4437,2878	3429,2952
269,3262	797,2598
269,3262	1226,2125
269,3262	1469,2753
4437,2878	3666,662
4437,2878	3065,3062
269,3262	2196,2882
269,3262	1216,3391
269,3262	1695,1636
269,3262	1291,4769
3378,4476	3766,4870
3378,4476	3497,4805
269,3262	2000,12
4437,2878	2994,1118
269,3262	252,3613
3378,4476	3351,4649
269,3262	775,427
4437,2878	3181,2370
269,3262	1632,3529
269,3262	25,1878
3378,4476	3309,3973
3378,4476	4044,4914
4437,2878	3483,3303
4437,2878	3318,500
4437,2878	2539,1442
269,3262	1370,2624
269,3262	998,4128
4437,2878	3680,1303
4437,2878	4712,3194
269,3262	1866,1030
4437,2878	2092,145
4437,2878	3748,2569
4437,2878	3931,2851
4437,2878	4161,1794
3378,4476	2558,4649
269,3262	234,4023
269,3262	1125,2222
269,3262	1695,3062
269,3262	127,2350
4437,2878	3535,1856
269,3262	54,1807
4437,2878	4989,3169
269,3262	1090,2076
3378,4476	4728,4536
269,3262	1634,1026
3378,4476	3196,4625
4437,2878	3935,2958
4437,2878	3847,1106
269,3262	252,4909
3378,4476	3245,3469
4437,2878	2826,2536
269,3262	1167,2376
4437,2878	4085,2132
3378,4476	3253,4903
3378,4476	1975,3784
269,3262	1655,1497
4437,2878	4068,3735
269,3262	309,3359
3378,4476	1658,4314
3378,4476	2395,3484
269,3262	849,2532
4437,2878	2214,1335
269,3262	1234,1714
4437,2878	2517,1068
269,3262	1342,2843
3378,4476	1713,4726
4437,2878	4857,1304
269,3262	491,858
269,3262	1036,2067
4437,2878	4708,2347
4437,2878	2322,1521
269,3262	500,2285
4437,2878	4693,3040
269,3262	883,3388
269,3262	2134,2738
3378,4476	4880,4596
4437,2878	4297,2135
269,3262	882,4544
4437,2878	4566,463
269,3262	243,2797
3378,4476	3474,4975
4437,2878	3964,2601
4437,2878	4811,1875
269,3262	977,3483
4437,2878	3455,685
4437,2878	4854,2048
4437,2878	4468,2816
269,3262	1230,330
269,3262	75,1032
4437,2878	3165,2990
269,3262	230,3052
3378,4476	2743,4229
3378,4476	4853,4852
3378,4476	3268,4416
269,3262	910,860
4437,2878	4536,1581
269,3262	1730,2644
4437,2878	4546,3296
269,3262	1182,336
269,3262	680,267
4437,2878	2903,1702
3378,4476	3372,4670
269,3262	949,3371
269,3262	1697,2772
269,3262	741,844
269,3262	1125,2239
269,3262	1930,1402
269,3262	1764,3151
4437,2878	3565,1630
269,3262	1665,93
4437,2878	4278,2298
4437,2878	3429,1762
4437,2878	4174,833
4437,2878	2973,2727
3378,4476	2058,4172
3378,4476	1912,4086
4437,2878	4745,1737
4437,2878	4637,419
4437,2878	4638,886
3378,4476	2174,3540
269,3262	831,306
269,3262	818,2685
4437,2878	2708,938
4437,2878	2318,801
269,3262	1970,2482
4437,2878	4673,531
269,3262	792,3207
4437,2878	3933,1222
4437,2878	2659,1843
269,3262	1068,1949
269,3262	1129,324
4437,2878	4671,443
3378,4476	3831,3904
3378,4476	4481,4520
269,3262	1926,3475
269,3262	2027,1781
269,3262	797,2723
269,3262	1430,2419
269,3262	835,3679
4437,2878	3692,1653
4437,2878	3899,2145
4437,2878	3923,1561
4437,2878	3708,1308
4437,2878	4937,1753
4437,2878	4669,3309
3378,4476	2873,3522
3378,4476	2147,3199
269,3262	1369,1072
3378,4476	4887,4437
4437,2878	4015,900
3378,4476	1920,4985
3378,4476	2828,4635
4437,2878	2265,60
3378,4476	2503,3654
269,3262	1734,3239
269,3262	1841,2370
4437,2878	4745,2579
269,3262	200,2951
269,3262	286,3493
269,3262	207,4687
4437,2878	4492,179
269,3262	395,437
4437,2878	3334,2463
4437,2878	3711,2716
269,3262	215,4553
4437,2878	3129,869
4437,2878	3446,2240
269,3262	357,2777
269,3262	364,511
4437,2878	2859,970
269,3262	114,4307
269,3262	804,4692
4437,2878	4429,281
3378,4476	1738,4850
4437,2878	4759,3374
4437,2878	2290,825
269,3262	887,1480
269,3262	996,1273
4437,2878	4543,1958
3378,4476	1895,3957
4437,2878	4954,2129
4437,2878	3277,1672
269,3262	418,4276
3378,4476	4341,3997
269,3262	615,1871
269,3262	1065,3226
4437,2878	3753,543
269,3262	2017,1870
269,3262	970,1273
3378,4476	3555,4021
4437,2878	3443,2099
4437,2878	4985,1572
4437,2878	4500,302
4437,2878	4525,3198
269,3262	1271,4040
4437,2878	4692,1137
269,3262	395,2512
3378,4476	3164,4775
3378,4476	3930,3736
4437,2878	4885,3447
3378,4476	2720,4366
269,3262	1895,525
3378,4476	2448,4380
4437,2878	4108,1944
4437,2878	2785,2488
3378,4476	1965,4188
4437,2878	3558,2231
3378,4476	2392,3117
4437,2878	2640,2621
269,3262	1701,782
4437,2878	2484,2451
269,3262	1598,832
269,3262	1986,3347
4437,2878	4373,1342
4437,2878	2586,1743
3378,4476	3427,3807
269,3262	2005,2249
4437,2878	4282,2986
4437,2878	3215,542
4437,2878	4794,3903
4437,2878	3604,792
269,3262	1365,987
4437,2878	4293,2184
4437,2878	2170,70
3378,4476	3196,3219
269,3262	1629,203
4437,2878	4946,1333
269,3262	495,3407
4437,2878	3486,2729
4437,2878	3497,3111
269,3262	332,2187
3378,4476	3878,4690
4437,2878	4836,116
269,3262	706,290
269,3262	1236,4581
269,3262	1938,1345
3378,4476	2721,3483
269,3262	1144,4142
3378,4476	2391,3985
269,3262	2021,611
4437,2878	2206,1204
269,3262	1585,2018
269,3262	1101,108
269,3262	227,3619
269,3262	2262,2470
4437,2878	4309,166
3378,4476	3121,3823
269,3262	1375,315
269,3262	1369,75
4437,2878	4273,3272
4437,2878	2902,750
4437,2878	2567,213
3378,4476	3786,4170
269,3262	1901,2120
4437,2878	3088,484
3378,4476	3546,3688
4437,2878	4001,1357
269,3262	1770,901
3378,4476	4442,4224
269,3262	775,4289
3378,4476	1782,4580
4437,2878	3275,2635
4437,2878	2271,1891
4437,2878	4893,486
4437,2878	2610,2285
269,3262	709,4923
4437,2878	4795,1519
269,3262	880,3760
269,3262	187,3916
4437,2878	2903,2049
4437,2878	3563,1419
269,3262	304,4316
269,3262	1444,1314
4437,2878	3524,1628
3378,4476	2463,4957
3378,4476	4357,4740
269,3262	419,447
269,3262	1884,194
4437,2878	4688,3027
3378,4476	2111,3725
4437,2878	2311,2285
4437,2878	4297,2711
4437,2878	3067,1070
269,3262	546,3612
4437,2878	4396,930
269,3262	797,1257
269,3262	1347,2768
4437,2878	3398,1776
4437,2878	4415,2057
4437,2878	2883,2899
3378,4476	2080,4158
269,3262	89,4257
269,3262	517,3444
269,3262	910,4716
3378,4476	3444,3763
269,3262	606,816
4437,2878	3732,1201
4437,2878	3128,1512
3378,4476	3345,4598
269,3262	278,2819
4437,2878	3487,2280
4437,2878	2315,1155
269,3262	685,4641
3378,4476	3633,4473
3378,4476	2568,4877
3378,4476	1544,4589
269,3262	361,1802
3378,4476	3641,4153
4437,2878	3345,1117
3378,4476	4536,4422
269,3262	279,1612
3378,4476	2324,4553
269,3262	1687,2172
269,3262	451,4206
4437,2878	3001,2330
4437,2878	3146,1076
269,3262	301,1580
4437,2878	2461,1695
4437,2878	3671,2411
269,3262	26,345
3378,4476	3507,3574
4437,2878	4509,84
269,3262	1364,845
3378,4476	3006,3432
269,3262	1888,2201
3378,4476	3289,4099
3378,4476	2901,4631
269,3262	1271,747
4437,2878	2683,1761
269,3262	343,3222
4437,2878	3077,2281
4437,2878	2698,1599
4437,2878	4129,1937
3378,4476	4653,4800
4437,2878	4650,298
4437,2878	4024,2022
269,3262	1682,2301
269,3262	1316,1508
4437,2878	3696,1896
269,3262	357,642
269,3262	1898,3243
3378,4476	3255,3463
269,3262	226,1192
4437,2878	2360,2527
269,3262	364,4647
269,3262	1671,2441
4437,2878	3982,3131
269,3262	924,2856
269,3262	731,3750
4437,2878	2979,1833
4437,2878	4765,362
269,3262	828,2934
4437,2878	3777,1563
4437,2878	2541,2369
269,3262	811,24
269,3262	557,4937
4437,2878	3564,1643
4437,2878	4057,1674
3378,4476	4003,4570
3378,4476	3320,4253
4437,2878	3872,1318
269,3262	1264,35
4437,2878	4299,3725
269,3262	605,3381
4437,2878	2622,1467
269,3262	656,4640
3378,4476	2787,3730
269,3262	1580,4008
4437,2878	3439,417
269,3262	1291,2051
3378,4476	2390,4409
3378,4476	2411,3569
4437,2878	4833,15
4437,2878	4039,563
4437,2878	3864,2385
3378,4476	3824,4540
3378,4476	3003,3930
269,3262	572,2524
269,3262	1724,3428
4437,2878	3795,2881
4437,2878	3624,1185
4437,2878	3946,2958
269,3262	527,2106
4437,2878	4631,1713
4437,2878	4808,1109
4437,2878	4305,2343
269,3262	664,1451
269,3262	34,4576
3378,4476	4787,4406
3378,4476	3734,4549
4437,2878	3955,2276
269,3262	1485,42
4437,2878	3561,2883
3378,4476	2472,3581
269,3262	390,268
269,3262	379,2037
4437,2878	3467,750
269,3262	382,3075
3378,4476	3848,4890
269,3262	1719,958
4437,2878	2190,149
269,3262	1423,3884
4437,2878	4963,386
269,3262	548,155
269,3262	2060,1192
4437,2878	3585,1299
269,3262	1777,1959
3378,4476	1793,4419
269,3262	146,503
3378,4476	3678,4002
4437,2878	2718,1241
269,3262	588,505
4437,2878	4882,392
269,3262	460,1870
4437,2878	3289,2163
269,3262	79,4049
269,3262	2140,822
4437,2878	4551,1227
269,3262	655,3033
3378,4476	2608,4279
3378,4476	1643,4375
3378,4476	1731,4596
4437,2878	4217,2448
4437,2878	4289,2031
269,3262	1293,1518
4437,2878	2897,551
269,3262	829,2336
3378,4476	3395,3468
4437,2878	4165,2082
4437,2878	4340,1253
269,3262	908,3046
4437,2878	3262,987
269,3262	1526,403
3378,4476	3346,4579
269,3262	254,4632
3378,4476	2227,4691
4437,2878	2583,1932
269,3262	138,452
269,3262	271,178
269,3262	1912,2683
269,3262	917,748
4437,2878	2332,2096
4437,2878	3822,472
269,3262	873,3467
269,3262	1915,2169
3378,4476	2221,4841
4437,2878	4919,906
269,3262	1105,4459
269,3262	966,3033
4437,2878	2963,2189
4437,2878	2995,442
269,3262	513,3347
3378,4476	2386,2968
4437,2878	2292,58
269,3262	1129,4009
4437,2878	2748,1806
269,3262	1675,620
4437,2878	3474,2844
4437,2878	4373,597
269,3262	1325,1441
3378,4476	1911,4532
269,3262	727,2346
4437,2878	4102,3104
269,3262	479,2927
269,3262	1763,3783
3378,4476	4853,4626
269,3262	1653,3826
4437,2878	4139,834
4437,2878	3626,1610
3378,4476	2879,4979
3378,4476	2565,2796
4437,2878	4933,201
4437,2878	3473,874
3378,4476	2585,3187
4437,2878	3458,3063
269,3262	1958,1087
4437,2878	3058,3073
3378,4476	3176,4581
4437,2878	2311,1551
269,3262	1700,560
4437,2878	3085,1699
269,3262	1500,1583
269,3262	398,2761
4437,2878	3094,516
269,3262	849,4956
4437,2878	4493,380
4437,2878	2988,1251
269,3262	1344,2930
4437,2878	3781,3401
4437,2878	2782,2458
4437,2878	2368,2639
4437,2878	3502,1400
4437,2878	3699,1130
4437,2878	3800,1143
3378,4476	3352,4427
4437,2878	2886,2598
269,3262	998,245
269,3262	1186,2927
4437,2878	2666,1666
269,3262	1001,2371
4437,2878	2972,396
269,3262	768,3587
4437,2878	4510,1887
269,3262	135,3727
4437,2878	3899,537
269,3262	1944,622
269,3262	1677,1696
4437,2878	4901,1621
3378,4476	2917,3043
269,3262	59,2433
4437,2878	2292,78
4437,2878	2777,486
4437,2878	2822,1349
4437,2878	3364,641
3378,4476	3551,4502
269,3262	1190,3732
3378,4476	3897,4397
4437,2878	2573,110
4437,2878	3069,189
269,3262	674,3813
4437,2878	3982,56
3378,4476	2027,4312
269,3262	477,891
4437,2878	3102,815
4437,2878	3356,1043
3378,4476	3904,4710
4437,2878	4646,2489
4437,2878	4690,3164
269,3262	45,4352
269,3262	258,4695
269,3262	1777,1360
4437,2878	4875,1453
4437,2878	3785,1460
4437,2878	3707,1565
269,3262	90,4139
269,3262	371,4170
3378,4476	3855,3970
4437,2878	3181,2195
4437,2878	3719,2769
3378,4476	4995,4456
269,3262	814,1393
4437,2878	4713,332
3378,4476	3666,3975
4437,2878	3929,2189
4437,2878	3477,1846
269,3262	382,256
3378,4476	2681,3131
4437,2878	3980,1928
3378,4476	4965,4813
269,3262	189,4382
3378,4476	1635,4643
4437,2878	2742,1591
269,3262	1279,2410
3378,4476	4370,4399
269,3262	1488,3579
269,3262	867,2099
4437,2878	3142,1777
269,3262	514,3027
4437,2878	3249,1222
3378,4476	3368,4384
4437,2878	4012,855
3378,4476	2164,3458
4437,2878	2927,3006
4437,2878	3269,2913
4437,2878	3370,2139
269,3262	57,1706
4437,2878	3748,3006
269,3262	1759,757
4437,2878	2594,103
3378,4476	3073,3428
3378,4476	1666,4804
4437,2878	3482,2034
4437,2878	3435,2606
269,3262	950,138
269,3262	1696,2440
269,3262	611,1753
4437,2878	2472,701
269,3262	1679,1309
3378,4476	1928,4719
4437,2878	3559,2665
4437,2878	2401,1280
3378,4476	1969,4266
4437,2878	4047,57
269,3262	1076,3980
269,3262	543,24
3378,4476	2520,3631
269,3262	2192,1618
3378,4476	4217,4449
269,3262	1149,2791
4437,2878	2498,1113
269,3262	1515,2651
4437,2878	3304,2423
3378,4476	2867,3694
4437,2878	3946,3396
3378,4476	1453,4871
4437,2878	3718,1714
3378,4476	2163,3436
3378,4476	3582,4018
269,3262	505,2807
4437,2878	4025,2809
269,3262	401,2648
4437,2878	4050,2989
4437,2878	3594,551
269,3262	765,4381
4437,2878	2320,2421
4437,2878	3574,2796
4437,2878	3728,913
3378,4476	2838,3661
